@subtask samples
manual 0-01.in
manual 0-02.in

@subtask nm8
rnd 1 6 1 6 1
rnd 1 6 1 6 2
rnd 1 6 1 6 3
rnd 1 6 1 6 4
rnd 1 6 1 6 5
rnd 1 6 1 6 6
rnd 1 6 1 6 7
rnd 1 6 1 6 8
rnd 1 6 1 6 9
rnd 1 6 1 6 10
rnd 7 7 5 5 11
rnd 7 7 6 6 12
rnd 7 7 7 7 13
rnd 7 7 8 8 14
rnd 8 8 8 8 15
rnd 8 8 7 7 16
rnd 8 8 6 6 17
rnd 8 8 5 5 18

@subtask n200m15
@include nm8
rnd 1 200 5 15 19
rnd 1 200 5 15 20
rnd 1 200 5 15 21
rnd 1 200 5 15 22
rnd 1 200 5 15 23
rnd 1 200 5 15 24
rnd 1 200 5 15 25
rnd 190 200 14 15 26 d
rnd 190 200 14 15 27 d
rnd 190 200 14 15 28 d
rnd 190 200 14 15 29 d
rnd 190 200 14 15 30 d

@subtask full
@include n200m15
rnd 1 500 1 500 31
rnd 1 500 1 500 32
rnd 1 500 1 500 33
rnd 1 500 1 500 34
rnd 1 500 1 500 35
rnd 1 500 1 500 36
rnd 1 500 1 500 37
rnd 1 500 1 500 38
rnd 1 500 1 500 39
rnd 1 500 1 500 40
rnd 450 500 450 500 41
rnd 450 500 450 500 42
rnd 450 500 450 500 43
rnd 450 500 450 500 44
rnd 450 500 450 500 45
rnd 495 500 495 500 46
rnd 495 500 495 500 47
rnd 495 500 495 500 48
rnd 495 500 495 500 49
rnd 495 500 495 500 50

