@subtask full
rnd 3 3 1000 
rnd 5 3 0
rnd 10 3 0
rnd 11 7 0
rnd 12 10 0
rnd 13 4 0
rnd 14 14 0
rnd 15 6 0
rnd 16 16 0
rnd 17 17 0
rnd 18 18 0
rnd 25 25 0
rnd 19 19 0
rnd 25 25 800 a
rnd 25 25 800 b
rnd 25 25 800 c
rnd 25 25 800 d
rnd 25 25 800 e
rnd 100 3 -1000
rnd 100 100 -1000
rnd 300000 1000 -1000
rnd 300000 10000 -1000
rnd 300000 100000 -1000
rnd 300000 300000 -1000
rnd 100 3 0
rnd 100 100 0
rnd 300000 1000 0
rnd 300000 10000 0
rnd 300000 100000 0
rnd 300000 300000 0
rnd 100 3 1000
rnd 100 100 1000
rnd 300000 1000 1000
rnd 300000 10000 1000
rnd 300000 100000 1000
rnd 300000 300000 1000
rnd 300000 300000 800
rnd 300000 300000 500
rnd 300000 300000 100
rnd 300000 300000 -100
rnd 300000 300000 -500
rnd 300000 300000 -800
